# Tiles Problem, generated at: Sun Mar 12 10:50:00 AZT 2023
# Landscape
  3 3 4 2 1 4 2   1   3 3 4   1 4 4   4 
4 2   2   4   2 3 3 1 1 2 4   3 1   2 2 
1   2 2 4 3 3 2 2 3 4     3 3 2 2 3 1   
4   4 2     3   4 2     4 3   4 1 1   3 
2 2 2 2 1 3 4 4 2 1 3 1 1 2 3   3 4   3 
3 1 2   4   3 3 1 1   4   3 1 3 2 1 1   
4   2 1   2 4 3 3 3 3 3 1     1 1 2 4 2 
  1 4 1   4 4 3 1     3 2 2 3   2 4 2   
2 3 1 4 3 4 4 4   3 4 3 1 1 1 4 1   2 1 
2 1   4 3 3 2 3 1 4   3 4 2 1 2 3 1 3   
3 3 1 3   4 3 3   2 1 2   2   1 3 1     
  3 2 1 4 3 3 4 3 4 3 2 4   3 4 2 2 3   
4 2 1 3   1     3 4 2 4 3     4 4 2 1   
4 4 1 4 4 2 2 4 1 1 4     4 1 3 2 1   1 
2   3 2 3     3     3 4   1   2 2   3 1 
1 1 4 2 1 4 4   4 2 3 3 2 3 2 4 2 3 2 1 
4   2 4 3 1 3 2 2 4   3 1 3 3 1     3 3 
  1 3 3 2 1 4 1 1 4   3     3 4 2 3 4 1 
1   1 3 2 2 3 1 4 2 2 4   2 2 2 4 2 4 1 
3 2 3 1 3 4 4   1 2 3 4 3 1 2 4 1 1 1 4 

# Tiles: 
{OUTER_BOUNDARY=8, EL_SHAPE=9, FULL_BLOCK=8}

# Targets: 
1:18
2:24
3:27
4:19

