# Tiles Problem, generated at: Sun Mar 19 23:31:44 AZT 2023
# Landscape
1 4 2 2 3   2 2 2 2   1 3 1 4
2 3 1 1 4 1 2   3 4 4 4 2 3 2 4
2   4 3 4 1 2 3 3 3 4 1     2 3
3 3 2 4   4 3 2 4 2   1 3 3
  1 2   2 1   2 1 4 4 4 2 4 1 1
2 3 3 4 4 1 1 4   2 4   2     2
3 3 4 3 1 4 3 3 1 3 3 3 4   3
1 1 2 3 3 1 4 1 3 4 1 2 3 2 2 3
1   1     4 2       4 1 3 2 4 3
2   3 1 3 3   1   3 1 2   1 1
2 4 2 1   3 3 2 2 4   4 3 3 4 1
4 2 4 3   3 3 1 4   3 2   1 4 1
3 3 4 4   2 4 4 4 4 2 2 2 4 1 3
2 4 1 4 4   3 2   2 3   4
4   4 1 2 1 2   4 1 1 3   1 1 4
1 3   2 3 2 2 3 4 1 3   4 2 1 2

# Tiles:
{EL_SHAPE=8, FULL_BLOCK=5, OUTER_BOUNDARY=3}

# Targets:
1:15
2:15
3:24
4:18

