# Tiles Problem, generated at: Sun Mar 12 10:50:00 AZT 2023
# Landscape
2   4 3 3 3 3 1 2 3 1   1 3 1   1 3   2
    2 2 3 4 4 3 2   1 4 3 3 4 4 3 1 4
2   3 3 4 4 1 3   3 3 3 1 3     3 4   3
1 2 3 3 1 2 2   4 3 1 4 4 1 4 3 2 1 1 3
4 4 3     4 4 1 2 4 4 4 1 2   2   2 2 1
1 4 4 2 2 3       1 1 4 1 4 3 1 2 2 3
    4 1 1 4 2 4 4 1 4 1 2 1 4 2 2   2 4
2   3 2 4 4 2 3 4 1 2 1 1 2 4 3   4 4 4
3 4 2 4 4 1   2 4 1   3 1 4 3   1   1 3
1   3 3 1     2 1 4 3   1 1 4 3 3 4
3   1 4 3 1   4 2 4 4   4 2 2 2 3 3   2
  3 1 2 3 1     3 2 2 4 4   4 3 1 3   4
3   4 3 1 1 4 3 2 3   4 2   2 1 1 4 2 2
1 4 2     1 3 3 1 1 2 2 2 3 1 1   4 4
4 3 2 4 4 4 1 1 1 1   1 3 3 4 2 1 3
2 4 2 2 2 1 1 2 2   3 3 4   2   4 1 2
4 4     1 2   4 1 3   1 2 4 1 2 1   2 1
4 1 2   1   1 1 4 4 1 2 4 4 2 4 1 3 3
4 4 4     3 1   3 2   4 1 1 4 3 2 2 4 2
3   1   1 2 3 4 4 3 3 2 1   3 2 2 4   3

# Tiles:
{OUTER_BOUNDARY=10, EL_SHAPE=6, FULL_BLOCK=9}

# Targets:
1:15
2:15
3:23
4:26

